0.208979591837 82
0.208979591837 164
0.208979591837 82
0.208979591837 164
0.208979591837 82
0.208979591837 164
0.104489795918 82
0.313469387755 164
0.104489795918 110
0.313469387755 220
0.104489795918 110
0.313469387755 220
0.104489795918 110
0.208979591837 220
0.208979591837 110
0.208979591837 220
0.208979591837 103
0.208979591837 207
0.208979591837 103
0.208979591837 207
0.104489795918 82
0.313469387755 164
0.104489795918 82
0.313469387755 164
0.104489795918 110
0.313469387755 220
0.104489795918 110
0.208979591837 220
0.208979591837 110
0.208979591837 220
0.208979591837 123
0.208979591837 130
0.208979591837 146
0.208979591837 73
0.104489795918 0
0.313469387755 73
0.104489795918 0
0.208979591837 73
0.313469387755 110
0.208979591837 87
0.104489795918 65
0.208979591837 130
0.104489795918 0
0.104489795918 138
0.208979591837 130
0.208979591837 65
0.417959183673 98
0.104489795918 0
0.208979591837 123
0.313469387755 246
0.104489795918 0
0.313469387755 246
0.104489795918 0
0.313469387755 164
0.313469387755 207
0.208979591837 110
0.208979591837 164
0.208979591837 110
0.208979591837 164
0.417959183673 110
0.313469387755 0
0.208979591837 82
0.313469387755 164
0.104489795918 82
0.208979591837 164
0.208979591837 82
0.208979591837 164
0.208979591837 82
0.208979591837 164
0.104489795918 110
0.313469387755 220
0.104489795918 110
0.313469387755 220
0.104489795918 110
0.313469387755 220
0.104489795918 110
0.208979591837 220
0.208979591837 103
0.208979591837 207
0.208979591837 103
0.208979591837 207
0.208979591837 82
0.208979591837 164
0.104489795918 82
0.313469387755 164
0.104489795918 110
0.313469387755 220
0.104489795918 110
0.208979591837 220
0.208979591837 110
0.208979591837 220
0.208979591837 123
0.208979591837 130
0.208979591837 146
0.208979591837 73
0.104489795918 0
0.313469387755 73
0.104489795918 0
0.208979591837 73
0.313469387755 110
0.208979591837 87
0.104489795918 65
0.313469387755 130
0.104489795918 0
0.208979591837 130
0.208979591837 65
0.417959183673 98
0.104489795918 0
0.208979591837 123
0.313469387755 246
0.104489795918 0
0.313469387755 246
0.104489795918 0
0.313469387755 164
0.104489795918 220
0.208979591837 207
0.208979591837 110
0.208979591837 164
0.208979591837 110
0.208979591837 164
0.417959183673 110
0.313469387755 0
0.208979591837 220
0.313469387755 329
0.104489795918 220
0.208979591837 329
0.208979591837 220
0.208979591837 329
0.208979591837 220
0.208979591837 329
0.208979591837 207
0.208979591837 329
0.104489795918 207
0.313469387755 329
0.104489795918 207
0.313469387755 329
0.104489795918 207
0.208979591837 329
0.208979591837 220
0.208979591837 329
0.208979591837 220
0.208979591837 329
0.208979591837 220
0.208979591837 329
0.208979591837 220
0.208979591837 329
0.104489795918 207
0.313469387755 329
0.104489795918 207
0.208979591837 329
0.731428571429 0
0.313469387755 220
0.208979591837 329
0.208979591837 220
0.208979591837 329
0.208979591837 220
0.208979591837 329
0.104489795918 220
0.313469387755 329
0.104489795918 207
0.208979591837 329
0.208979591837 207
0.208979591837 329
0.208979591837 207
0.208979591837 329
0.208979591837 207
0.208979591837 329
0.208979591837 220
0.208979591837 329
0.104489795918 220
0.313469387755 329
0.104489795918 220
0.313469387755 329
0.104489795918 220
0.208979591837 329
0.208979591837 207
0.208979591837 329
0.208979591837 207
0.313469387755 329
0.5 0
