0.417959183673 659
0.208979591837 493
0.208979591837 523
0.417959183673 587
0.208979591837 523
0.208979591837 493
0.522448979592 440
0.208979591837 523
0.417959183673 659
0.208979591837 587
0.208979591837 523
0.522448979592 493
0.313469387755 523
0.313469387755 587
0.417959183673 659
0.417959183673 523
0.940408163265 440
0.417959183673 0
0.522448979592 587
0.104489795918 698
0.417959183673 879
0.208979591837 783
0.208979591837 698
0.522448979592 659
0.313469387755 523
0.417959183673 659
0.208979591837 587
0.208979591837 523
0.522448979592 493
0.208979591837 523
0.417959183673 587
0.417959183673 659
0.417959183673 523
0.835918367347 440
0.313469387755 0
0.417959183673 659
0.208979591837 493
0.208979591837 523
0.417959183673 587
0.208979591837 523
0.208979591837 493
0.522448979592 440
0.208979591837 523
0.417959183673 659
0.208979591837 587
0.208979591837 523
0.522448979592 493
0.313469387755 523
0.417959183673 587
0.417959183673 659
0.313469387755 523
0.940408163265 440
0.417959183673 0
0.522448979592 587
0.104489795918 698
0.417959183673 879
0.208979591837 783
0.208979591837 698
0.62693877551 659
0.208979591837 523
0.417959183673 659
0.208979591837 587
0.208979591837 523
0.522448979592 493
0.208979591837 523
0.417959183673 587
0.417959183673 659
0.417959183673 523
0.835918367347 440
0.313469387755 0
0.835918367347 329
0.835918367347 261
0.835918367347 293
0.731428571429 246
0.835918367347 261
0.835918367347 220
1.25387755102 207
0.208979591837 0
0.940408163265 329
0.731428571429 261
0.835918367347 293
0.835918367347 246
0.417959183673 261
0.313469387755 329
0.835918367347 440
0.940408163265 415
0.5 0
