0.208979591837 493
0.104489795918 0
0.313469387755 415
0.208979591837 440
0.208979591837 493
0.104489795918 659
0.104489795918 587
0.208979591837 440
0.104489795918 415
0.208979591837 329
0.417959183673 0
0.208979591837 440
0.208979591837 523
0.104489795918 0
0.313469387755 493
0.208979591837 440
0.208979591837 415
0.208979591837 329
0.208979591837 415
0.208979591837 440
0.208979591837 493
0.104489795918 0
0.208979591837 523
0.208979591837 0
0.208979591837 440
0.208979591837 0
0.208979591837 329
0.104489795918 0
0.313469387755 329
0.522448979592 0
0.208979591837 146
0.313469387755 349
0.104489795918 0
0.208979591837 440
0.522448979592 523
0.104489795918 493
0.208979591837 440
0.208979591837 391
0.313469387755 0
0.313469387755 329
0.208979591837 391
0.104489795918 440
0.104489795918 391
0.104489795918 349
0.208979591837 329
0.208979591837 415
0.208979591837 329
0.208979591837 415
0.208979591837 440
0.208979591837 493
0.208979591837 415
0.208979591837 523
0.208979591837 415
0.104489795918 440
0.104489795918 523
0.417959183673 329
0.104489795918 0
0.313469387755 329
0.522448979592 0
0.208979591837 493
0.104489795918 0
0.313469387755 415
0.208979591837 440
0.208979591837 493
0.104489795918 659
0.104489795918 587
0.208979591837 440
0.208979591837 415
0.208979591837 329
0.313469387755 0
0.208979591837 440
0.208979591837 523
0.208979591837 0
0.208979591837 493
0.208979591837 440
0.208979591837 415
0.208979591837 329
0.208979591837 415
0.208979591837 440
0.208979591837 493
0.104489795918 0
0.313469387755 523
0.104489795918 0
0.208979591837 440
0.208979591837 0
0.208979591837 329
0.104489795918 0
0.313469387755 329
0.522448979592 0
0.313469387755 146
0.208979591837 349
0.104489795918 0
0.208979591837 440
0.522448979592 523
0.104489795918 493
0.208979591837 440
0.208979591837 391
0.313469387755 0
0.313469387755 329
0.208979591837 391
0.104489795918 440
0.104489795918 391
0.208979591837 349
0.208979591837 329
0.104489795918 415
0.208979591837 329
0.208979591837 415
0.208979591837 440
0.208979591837 493
0.208979591837 415
0.208979591837 523
0.208979591837 415
0.104489795918 440
0.104489795918 523
0.104489795918 329
0.104489795918 0
0.208979591837 329
0.104489795918 0
0.313469387755 329
0.522448979592 0
0.835918367347 261
0.835918367347 220
0.835918367347 246
0.731428571429 207
0.835918367347 220
1.56734693878 164
0.417959183673 246
0.313469387755 0
0.940408163265 261
0.731428571429 220
0.835918367347 246
0.835918367347 207
0.417959183673 220
0.313469387755 261
0.835918367347 329
0.835918367347 293
0.104 0
0.5 0
